initial: 6
0.00000 0.10367 0.09628 0.21029 0.00000 0.58976

transition: 6
0.20269 0.20423 0.59306 0.00000 0.00002 0.00000
0.01347 0.28714 0.51093 0.00038 0.00000 0.18808
0.49569 0.00595 0.19606 0.30231 0.00000 0.00000
0.20038 0.00017 0.00106 0.59878 0.00000 0.19961
0.00000 0.10208 0.00000 0.00000 0.50275 0.39517
0.39785 0.00002 0.00000 0.00000 0.30307 0.29907

observation: 6
0.49512 0.69872 0.30167 0.10047 0.00002 0.09952
0.00183 0.00195 0.40010 0.09924 0.10301 0.09592
0.00000 0.29843 0.19999 0.19643 0.09854 0.30136
0.50304 0.00090 0.09808 0.00000 0.00344 0.40218
0.00000 0.00000 0.00016 0.60386 0.00206 0.10102
0.00000 0.00000 0.00000 0.00000 0.79294 0.00000
